$ANSIBLE_VAULT;1.1;AES256
62633036663332663964373134663736343031363631356534613863666636366234633030323963
3562636364653034316364666365666161323032346361660a393865353431376435646238386635
33656263313264326465656463373464663038303039356636613438613634366365356163643130
3236333661623862370a323432346461373466643230346634343330386231396435623936656533
30666637343838386631313335303636326233393339316164393266376536343265313532643132
65633831393864653032623162663965653364393465376637633437623836333536313963363039
39393433616662393736663333326135316432303133343237636538653432306430343065613663
66653632616531386536646462386135643664666232626136633161363737366335666138636239
66373334303261653237363663356161666139383534383030663266636532313337633936633763
65323531343264383164373864373034323332663966316535633261316237363864313962363030
35353934356666376366366565316633363539393737316433323761333430613762663235643830
39633361396333643263333762666333656465646437626631636332616430643265663866646663
37313861613766383463386466383039323033333834613335383137356136326465653034333635
38366231616563383537373830646231306266356232373736623163656438356132353261643630
63373565663866653136383031386536303834383336633533356130336338633864353165663339
61396433333135386664616565663730656137376532393632373034633033313135666234303838
31303038383132666165346133393432313631386636646331373032363037633061643962333931
66333131313262653366613538303963623961343932633739336466646337393931373434373664
38386433383164396237396434306466383136353262363762343631626638636435633633646538
31356266616537343732386466656233366636333632336161656461383365643932323461653363
66386364656231313533343938623337653938346264393135633639623034313134366432313062
63306566636665313037623764623933346133376334303637363437633265313731623435616666
66313861353764633161373065336333306662363238663962373465366264623462623034313636
64646163633365633335356431363732643730653830613965613663366236653233326333356136
3234
